366
722
869
315
435
112
643
575
512
359
497
766
690
466111
347
121
785
284
36
938
200
809
913
399
404
656
573
968
834
783
206
404
126
648
711
846
458
979
207
734
772
883
786
301
123
6051111
199
25
67
518
338
170
878
6611111
203
20
894
177
822
174
920
724
52
122
331
760
578
551
450
617
793
195
486
499
126
20
928
317
411
377
333
263
325
76
818
656
191
395
274
499
471
607
734
42
943
181
28
267
575
379
1401111
962
481
677
919
608
581
689
224
595
734
736
487
230
981
662
492
194
797
955
513
372
78
171
827
809
622
539
210
920
565
93
815
647
799
22
742
617
583
278
460
54
210
87
74
211
122
369
699
675
157
950
218
398
341
738
776
258
817
669
509
15
547
116
20
231
491
420
268
14
324
793
107
542
254
998
46
310
932
677
727
588
623
50
406
952
19
915
412
548
471
235
196
465
123
447
554
971
517
720
984
599
133
978
358
299
34
925
994
408
124
266
425
652
531
744
733
491
7
47
360
535
442
252
415
421
420
751
10
49
53
354
483
717
168
547
733
30
702
675
919
232
312
856
3611111
516
361
640
30
246
731
518
499
235
873
554
23
115
470
732
235
43
956
874
532
23
422
251
239
598
554
946
692
518
873
366
198
754
114
769
770
529
982
144
734
129
820
931
212
323
832
598
638
761
64
951
540
949
952
41
445
796
174
16
898
315
88
989
785
336
468
212
528
197
616
781
992
88
556
456
349
902
436
989
115
402
666
146
323
776
180
606
406
111
290
54
689
286
299
653
833
462
856
474
593
648
321
717
762
681
567
857
211
483
41
584
353
862
803
603
336
559
596
906
971
191
382
116
160
799
148
254
775
722
623
105
589
365
921
815
484
402
790
982
445
779
239
569
65
965
425
1221111
676
898
54
637
11
612
379
73
816
375
177
728
299
174
95
850
619
601
536
372
693
677
913
798
644
277
455
326
450
464
470
319
614
10
940
462
655
415
423
455
800
5
228
442
188
34
818
268
587
694
350
420
414
626
537
859
968
777
943
743
269
37
321
466
295
582
541
86
822
31
107
140
360
65
972
38
179
676
783
809
878
523
684
31
926
759
12
371
824
927
328
214
73
295
345
186
38
918
904
646
458
820
240
897
690
404
681
426
567
710
198
39
748
280
920
476
302
822
604
663
188
848
530
866
903
539
592
992
268
99
751
316
528
607
613
78
388
485
690
719
9051111
599
486
647
324
934
507
301
173
183
327
879
981
43
70
330
55
467
93
980
585
515
329
8
490
143
697
923
926
316
473
532
536
576
521
905
143
300
30
16
124
672
647
818
995
792
298
975
384
6
328
134
996
873
718
836
128
804
950
23
185
449
797
219
829
960
390
509
453
970
367
638
835
283
243
170
197
152
936
137
539
477
993
326
150
650
366
950
945
199
507
627
685
981
262
402
639
839
165
202
533
849
232
687
937
240
242
437
428
26
230
424
119
895
0
475
334
176
553
239
774
863
487
799
585
319
69
907
383
157
598
921
679
384
704
882
158
853
758
121111
168
862
566
179
821
668
477
694
477
554
624
560
935
724
996
259
989
952
16
828
733
323
657
651
756
335
694
985
180
204
582
943
608
885
159
252
828
204
0
911
450
201
521
270
771
942
281
311
107
142
200
997
384
440
526
30
572
543
644
490
8
764
490
325
508
398
752
921
349
304
593
478
230
75
21
4
418
70
878
915
553
468
85
984
593
5
374
818
38
6231111
665
94
141
166
706
912
573
17
763
43
616
159
33
795
433
218
732
56
269
355
235
614
583
815
968
91
567
976
279
129
779
735
397
533
633
504
438
342
147
134
135
674
652
962
6
917
386
446
863
68
740
206
16
73
398
617
207
128
611
708
74
193
986
119
80
510
28
37
806
72
981
990
644
837
969
527
953
22
985
885
452
574
38
726
101
612
301
849
300
405
748
14
40
363
332
328
554
467
663
946
218
214
700
600
202
366
640
136
763
636
71
513
373
687
628
715
5871111
367
237
335
269
434
795
872
903
111
824
921
723
114
898
881
459
464
103
757
17
523
993
997
2
176
892
778
560
950
997
365
784
362
94
908
276
537
127
953
609
261
647
75
91
900
116
113
63
941
863
868
129
77
379
708
760
641
567
742
87
413
658
565
453
740
95
479
7
697
306
89
853
525
625
973
994
473
190
146
551
815
60
349
947
68
175
103
268
689
393
783
553
394
147
898
339
766
945
272
288
473
521
808
474
734
757
879
368
521
87
877
124
676
949
696
941
736
549
637
45
790
